pinos<-structure(c(0.0104166666666667, 0.0104166666666667, 0.0208333333333333,
0.0208333333333333, 0.0729166666666667, 0.09375, 0.114583333333333,
0.135416666666667, 0.145833333333333, 0.166666666666667, 0.177083333333333,
0.177083333333333, 0.208333333333333, 0.21875, 0.239583333333333,
0.25, 0.260416666666667, 0.270833333333333, 0.28125, 0.291666666666667,
0.291666666666667, 0.34375, 0.34375, 0.375, 0.385416666666667,
0.40625, 0.40625, 0.40625, 0.427083333333333, 0.46875, 0.5, 0.510416666666667,
0.541666666666667, 0.541666666666667, 0.552083333333333, 0.552083333333333,
0.583333333333333, 0.604166666666667, 0.614583333333333, 0.625,
0.635416666666667, 0.635416666666667, 0.635416666666667, 0.65625,
0.677083333333333, 0.6875, 0.6875, 0.71875, 0.75, 0.75, 0.760416666666667,
0.770833333333333, 0.770833333333333, 0.78125, 0.791666666666667,
0.822916666666667, 0.84375, 0.854166666666667, 0.864583333333333,
0.875, 0.885416666666667, 0.895833333333333, 0.90625, 0.958333333333333,
0.958333333333333, 0.96875, 0.979166666666667, 0.979166666666667,
0.989583333333333, 0.989583333333333, 0.989583333333333, 0.99,
0.72, 0.62, 0.84, 0.45, 0.75, 0.85, 0.63, 0.16, 0.54, 0.26, 0.41,
0.02, 0.8, 0.87, 0.11, 0.7, 0.57, 0.54, 0.42, 0.26, 0.52, 0.63,
0.59, 0.8, 0.34, 0.47, 0.91, 0.17, 0.23, 0.53, 0.63, 0.43, 0.75,
0.98, 0.13, 0.78, 0.18, 0.68, 0.55, 0.43, 0.32, 0.25, 0.41, 0.81,
0.89, 0.16, 0.04, 0.52, 0.6, 0.42, 0.36, 0.54, 0.93, 0.17, 0.85,
0.45, 0.67, 0.1, 0.32, 0.2, 0.09, 0.87, 0.6, 0.81, 0.08, 0.1,
0.26, 0.23, 0.46, 0.62), .Dim = c(71, 2))
